filename,width,height,class,xmin,ymin,xmax,ymax
Bobolink_0007_9246.jpg,182,162,Bobolink,48,73,230,235
Bobolink_0115_9265.jpg,157,152,Bobolink,139,89,296,241
Bobolink_0039_9779.jpg,225,289,Bobolink,126,121,351,410
Bobolink_0074_9311.jpg,123,121,Bobolink,161,93,284,214
Bobolink_0120_10859.jpg,130,183,Bobolink,295,111,425,294
Bobolink_0097_10861.jpg,128,152,Bobolink,167,107,295,259
Bobolink_0109_9869.jpg,139,157,Bobolink,84,228,223,385
Bobolink_0018_9402.jpg,100,102,Bobolink,171,117,271,219
Bobolink_0126_11458.jpg,168,167,Bobolink,149,136,317,303
Bobolink_0081_9439.jpg,133,151,Bobolink,248,65,381,216
Bobolink_0048_9988.jpg,230,357,Bobolink,77,98,307,455
Bobolink_0067_11533.jpg,154,152,Bobolink,81,115,235,267
Bobolink_0110_9496.jpg,134,120,Bobolink,65,121,199,241
Bobolink_0071_9503.jpg,222,336,Bobolink,87,85,309,421
Bobolink_0128_9947.jpg,142,152,Bobolink,207,60,349,212
Bobolink_0026_11057.jpg,181,185,Bobolink,56,201,237,386
Bobolink_0112_11073.jpg,180,268,Bobolink,141,37,321,305
Bobolink_0057_10051.jpg,124,266,Bobolink,53,130,177,396
Bobolink_0049_9540.jpg,313,261,Bobolink,71,89,384,350
Bobolink_0027_10569.jpg,157,141,Bobolink,144,133,301,274
Bobolink_0076_11093.jpg,244,193,Bobolink,50,78,294,271
Bobolink_0035_11117.jpg,252,293,Bobolink,32,132,284,425
Bobolink_0043_10607.jpg,200,346,Bobolink,146,66,346,412
Bobolink_0056_9080.jpg,271,217,Bobolink,208,114,479,331
Bobolink_0021_10623.jpg,275,284,Bobolink,141,61,416,345
Bobolink_0070_10624.jpg,132,158,Bobolink,58,93,190,251
Bobolink_0114_10627.jpg,451,482,Bobolink,33,14,484,496
Bobolink_0106_9126.jpg,164,159,Bobolink,169,74,333,233
Bobolink_0040_9681.jpg,284,377,Bobolink,18,79,302,456
Bobolink_0079_10736.jpg,211,166,Bobolink,121,141,332,307
Gray_Catbird_0043_21008.jpg,201,161,Gray_Catbird,86,87,287,248
Gray_Catbird_0032_21551.jpg,457,311,Gray_Catbird,2,69,459,380
Gray_Catbird_0039_21040.jpg,310,311,Gray_Catbird,75,81,385,392
Gray_Catbird_0069_21065.jpg,169,409,Gray_Catbird,106,62,275,471
Gray_Catbird_0013_20562.jpg,197,380,Gray_Catbird,63,66,260,446
Gray_Catbird_0019_20567.jpg,230,171,Gray_Catbird,164,124,394,295
Gray_Catbird_0130_20328.jpg,258,236,Gray_Catbird,184,94,442,330
Gray_Catbird_0028_20598.jpg,365,317,Gray_Catbird,10,26,375,343
Gray_Catbird_0022_19585.jpg,152,278,Gray_Catbird,259,67,411,345
Gray_Catbird_0031_21635.jpg,250,184,Gray_Catbird,213,135,463,319
Gray_Catbird_0075_21125.jpg,355,318,Gray_Catbird,49,48,404,366
Gray_Catbird_0102_20644.jpg,117,108,Gray_Catbird,183,92,300,200
Gray_Catbird_0060_20656.jpg,275,160,Gray_Catbird,59,124,334,284
Gray_Catbird_0101_21178.jpg,408,192,Gray_Catbird,63,100,471,292
Gray_Catbird_0053_20694.jpg,366,268,Gray_Catbird,65,43,431,311
Gray_Catbird_0104_20716.jpg,238,410,Gray_Catbird,49,48,287,458
Gray_Catbird_0092_20735.jpg,229,179,Gray_Catbird,144,127,373,306
Gray_Catbird_0024_20739.jpg,232,203,Gray_Catbird,173,72,405,275
Gray_Catbird_0113_21270.jpg,288,254,Gray_Catbird,91,63,379,317
Gray_Catbird_0007_20186.jpg,246,205,Gray_Catbird,131,68,377,273
Gray_Catbird_0139_21281.jpg,261,166,Gray_Catbird,103,65,364,231
Gray_Catbird_0049_21311.jpg,256,232,Gray_Catbird,60,48,316,280
Gray_Catbird_0105_20864.jpg,176,209,Gray_Catbird,62,41,238,250
Gray_Catbird_0002_21395.jpg,310,312,Gray_Catbird,146,98,456,410
Gray_Catbird_0057_20979.jpg,191,181,Gray_Catbird,123,86,314,267
Gray_Catbird_0008_20430.jpg,261,133,Gray_Catbird,148,121,409,254
Gray_Catbird_0138_20945.jpg,414,426,Gray_Catbird,31,6,445,432
Gray_Catbird_0044_20955.jpg,349,194,Gray_Catbird,45,53,394,247
Gray_Catbird_0071_20974.jpg,426,218,Gray_Catbird,48,93,474,311
Yellow_Billed_Cuckoo_0023_26637.jpg,101,118,Yellow_billed_Cuckoo,94,138,195,256
Yellow_Billed_Cuckoo_0117_26651.jpg,249,328,Yellow_billed_Cuckoo,117,116,366,444
Yellow_Billed_Cuckoo_0078_26888.jpg,197,377,Yellow_billed_Cuckoo,88,79,285,456
Yellow_Billed_Cuckoo_0005_26684.jpg,146,202,Yellow_billed_Cuckoo,74,55,220,257
Yellow_Billed_Cuckoo_0060_26686.jpg,167,411,Yellow_billed_Cuckoo,76,54,243,465
Yellow_Billed_Cuckoo_0007_26687.jpg,177,437,Yellow_billed_Cuckoo,109,62,286,499
Yellow_Billed_Cuckoo_0061_26692.jpg,162,294,Yellow_billed_Cuckoo,164,57,326,351
Yellow_Billed_Cuckoo_0012_26712.jpg,154,222,Yellow_billed_Cuckoo,114,97,268,319
Yellow_Billed_Cuckoo_0090_26714.jpg,397,213,Yellow_billed_Cuckoo,0,120,397,333
Yellow_Billed_Cuckoo_0074_26466.jpg,117,128,Yellow_billed_Cuckoo,88,68,205,196
Yellow_Billed_Cuckoo_0053_26738.jpg,196,327,Yellow_billed_Cuckoo,71,124,267,451
Yellow_Billed_Cuckoo_0073_26744.jpg,198,151,Yellow_billed_Cuckoo,164,134,362,285
Yellow_Billed_Cuckoo_0077_26431.jpg,249,313,Yellow_billed_Cuckoo,80,114,329,427
Yellow_Billed_Cuckoo_0043_26492.jpg,306,263,Yellow_billed_Cuckoo,124,60,430,323
Yellow_Billed_Cuckoo_0014_26754.jpg,207,273,Yellow_billed_Cuckoo,131,190,338,463
Yellow_Billed_Cuckoo_0098_26501.jpg,202,158,Yellow_billed_Cuckoo,149,67,351,225
Yellow_Billed_Cuckoo_0033_26521.jpg,195,252,Yellow_billed_Cuckoo,170,94,365,346
Yellow_Billed_Cuckoo_0018_26535.jpg,164,379,Yellow_billed_Cuckoo,110,78,274,457
Yellow_Billed_Cuckoo_0003_26797.jpg,274,388,Yellow_billed_Cuckoo,84,46,358,434
Yellow_Billed_Cuckoo_0116_26544.jpg,267,320,Yellow_billed_Cuckoo,35,88,302,408
Yellow_Billed_Cuckoo_0119_26550.jpg,219,258,Yellow_billed_Cuckoo,105,24,324,282
Yellow_Billed_Cuckoo_0088_26812.jpg,163,435,Yellow_billed_Cuckoo,71,51,234,486
Yellow_Billed_Cuckoo_0104_26814.jpg,140,161,Yellow_billed_Cuckoo,188,143,328,304
Yellow_Billed_Cuckoo_0024_26832.jpg,316,220,Yellow_billed_Cuckoo,46,1,362,221
Yellow_Billed_Cuckoo_0006_26578.jpg,184,292,Yellow_billed_Cuckoo,118,71,302,363
Yellow_Billed_Cuckoo_0107_26838.jpg,200,157,Yellow_billed_Cuckoo,104,112,304,269
Yellow_Billed_Cuckoo_0066_26600.jpg,112,225,Yellow_billed_Cuckoo,102,176,214,401
Yellow_Billed_Cuckoo_0029_26865.jpg,112,208,Yellow_billed_Cuckoo,210,125,322,333
Yellow_Billed_Cuckoo_0067_26878.jpg,222,266,Yellow_billed_Cuckoo,168,106,390,372
Acadian_Flycatcher_0022_29145.jpg,424,239,Acadian_Flycatcher,43,91,467,330
Acadian_Flycatcher_0013_29232.jpg,272,271,Acadian_Flycatcher,130,35,402,306
Acadian_Flycatcher_0070_29150.jpg,263,227,Acadian_Flycatcher,120,31,383,258
Acadian_Flycatcher_0036_795577.jpg,238,178,Acadian_Flycatcher,195,31,433,209
Acadian_Flycatcher_0069_795579.jpg,192,277,Acadian_Flycatcher,96,47,288,324
Acadian_Flycatcher_0030_795591.jpg,129,253,Acadian_Flycatcher,131,41,260,294
Acadian_Flycatcher_0051_29077.jpg,217,432,Acadian_Flycatcher,41,41,258,473
Acadian_Flycatcher_0059_29102.jpg,192,239,Acadian_Flycatcher,80,90,272,329
Acadian_Flycatcher_0015_795578.jpg,176,126,Acadian_Flycatcher,16,28,192,154
Acadian_Flycatcher_0043_29115.jpg,184,218,Acadian_Flycatcher,150,78,334,296
Acadian_Flycatcher_0049_795580.jpg,227,190,Acadian_Flycatcher,44,97,271,287
Acadian_Flycatcher_0031_795582.jpg,286,172,Acadian_Flycatcher,99,91,385,263
Acadian_Flycatcher_0034_795583.jpg,149,173,Acadian_Flycatcher,99,48,248,221
Acadian_Flycatcher_0064_795584.jpg,289,144,Acadian_Flycatcher,88,88,377,232
Acadian_Flycatcher_0042_29127.jpg,459,371,Acadian_Flycatcher,19,49,478,420
Acadian_Flycatcher_0021_795594.jpg,193,133,Acadian_Flycatcher,198,151,391,284
Acadian_Flycatcher_0046_795596.jpg,119,213,Acadian_Flycatcher,99,31,218,244
Acadian_Flycatcher_0072_795603.jpg,230,235,Acadian_Flycatcher,75,131,305,366
Acadian_Flycatcher_0060_795604.jpg,234,247,Acadian_Flycatcher,224,54,458,301
Acadian_Flycatcher_0041_795605.jpg,152,379,Acadian_Flycatcher,188,81,340,460
Acadian_Flycatcher_0050_795608.jpg,432,461,Acadian_Flycatcher,14,23,446,484
Acadian_Flycatcher_0052_795610.jpg,204,222,Acadian_Flycatcher,49,166,253,388
Acadian_Flycatcher_0012_795612.jpg,228,357,Acadian_Flycatcher,82,82,310,439
Acadian_Flycatcher_0038_795616.jpg,253,178,Acadian_Flycatcher,75,94,328,272
Acadian_Flycatcher_0005_29157.jpg,243,208,Acadian_Flycatcher,126,101,369,309
Acadian_Flycatcher_0044_795624.jpg,171,336,Acadian_Flycatcher,113,70,284,406
Acadian_Flycatcher_0071_795627.jpg,225,257,Acadian_Flycatcher,16,26,241,283
Acadian_Flycatcher_0073_795628.jpg,226,453,Acadian_Flycatcher,144,24,370,477
Acadian_Flycatcher_0024_29173.jpg,219,204,Acadian_Flycatcher,234,170,453,374
Great_Crested_Flycatcher_0028_29696.jpg,354,235,Great_Crested_Flycatcher,47,66,401,301
Great_Crested_Flycatcher_0012_29264.jpg,376,459,Great_Crested_Flycatcher,72,24,448,483
Great_Crested_Flycatcher_0119_29778.jpg,232,266,Great_Crested_Flycatcher,173,65,405,331
Great_Crested_Flycatcher_0007_29280.jpg,354,434,Great_Crested_Flycatcher,68,42,422,476
Great_Crested_Flycatcher_0124_29294.jpg,374,165,Great_Crested_Flycatcher,112,121,486,286
Great_Crested_Flycatcher_0061_29807.jpg,159,384,Great_Crested_Flycatcher,72,82,231,466
Great_Crested_Flycatcher_0132_29300.jpg,356,277,Great_Crested_Flycatcher,94,40,450,317
Great_Crested_Flycatcher_0139_29302.jpg,134,191,Great_Crested_Flycatcher,184,111,318,302
Great_Crested_Flycatcher_0031_29825.jpg,196,138,Great_Crested_Flycatcher,203,109,399,247
Great_Crested_Flycatcher_0133_29314.jpg,257,318,Great_Crested_Flycatcher,132,79,389,397
Great_Crested_Flycatcher_0131_29329.jpg,123,176,Great_Crested_Flycatcher,109,90,232,266
Great_Crested_Flycatcher_0073_29330.jpg,240,282,Great_Crested_Flycatcher,121,110,361,392
Great_Crested_Flycatcher_0120_29472.jpg,156,245,Great_Crested_Flycatcher,221,186,377,431
Great_Crested_Flycatcher_0010_29396.jpg,174,274,Great_Crested_Flycatcher,53,78,227,352
Great_Crested_Flycatcher_0097_29398.jpg,201,259,Great_Crested_Flycatcher,109,101,310,360
Great_Crested_Flycatcher_0016_29406.jpg,199,179,Great_Crested_Flycatcher,154,110,353,289
Great_Crested_Flycatcher_0021_29929.jpg,155,301,Great_Crested_Flycatcher,146,35,301,336
Great_Crested_Flycatcher_0042_29438.jpg,150,208,Great_Crested_Flycatcher,107,130,257,338
Great_Crested_Flycatcher_0033_29959.jpg,346,194,Great_Crested_Flycatcher,88,85,434,279
Great_Crested_Flycatcher_0044_29995.jpg,215,266,Great_Crested_Flycatcher,213,47,428,313
Great_Crested_Flycatcher_0013_29496.jpg,337,431,Great_Crested_Flycatcher,19,57,356,488
Great_Crested_Flycatcher_0024_29516.jpg,212,290,Great_Crested_Flycatcher,76,115,288,405
Great_Crested_Flycatcher_0041_29521.jpg,365,318,Great_Crested_Flycatcher,12,89,377,407
Great_Crested_Flycatcher_0051_29530.jpg,280,371,Great_Crested_Flycatcher,37,44,317,415
Great_Crested_Flycatcher_0111_29543.jpg,160,302,Great_Crested_Flycatcher,147,93,307,395
Great_Crested_Flycatcher_0064_29546.jpg,182,151,Great_Crested_Flycatcher,182,80,364,231
Great_Crested_Flycatcher_0074_29553.jpg,260,485,Great_Crested_Flycatcher,78,14,338,499
Great_Crested_Flycatcher_0125_29593.jpg,282,364,Great_Crested_Flycatcher,44,81,326,445
Great_Crested_Flycatcher_0030_29645.jpg,277,196,Great_Crested_Flycatcher,55,93,332,289
Great_Crested_Flycatcher_0036_29693.jpg,350,408,Great_Crested_Flycatcher,35,11,385,419
Olive_Sided_Flycatcher_0041_30470.jpg,305,403,Olive_sided_Flycatcher,78,69,383,472
Olive_Sided_Flycatcher_0025_30486.jpg,216,309,Olive_sided_Flycatcher,223,56,439,365
Olive_Sided_Flycatcher_0077_30492.jpg,106,253,Olive_sided_Flycatcher,112,128,218,381
Olive_Sided_Flycatcher_0031_30502.jpg,310,273,Olive_sided_Flycatcher,25,117,335,390
Olive_Sided_Flycatcher_0026_30525.jpg,461,285,Olive_sided_Flycatcher,38,47,499,332
Olive_Sided_Flycatcher_0046_30529.jpg,205,242,Olive_sided_Flycatcher,154,84,359,326
Olive_Sided_Flycatcher_0069_30544.jpg,164,200,Olive_sided_Flycatcher,142,127,306,327
Olive_Sided_Flycatcher_0072_796877.jpg,153,320,Olive_sided_Flycatcher,104,133,257,453
Olive_Sided_Flycatcher_0013_30550.jpg,267,147,Olive_sided_Flycatcher,124,109,391,256
Olive_Sided_Flycatcher_0074_30816.jpg,244,162,Olive_sided_Flycatcher,167,77,411,239
Olive_Sided_Flycatcher_0006_30824.jpg,142,280,Olive_sided_Flycatcher,137,89,279,369
Olive_Sided_Flycatcher_0056_30570.jpg,161,447,Olive_sided_Flycatcher,145,52,306,499
Olive_Sided_Flycatcher_0043_30632.jpg,150,283,Olive_sided_Flycatcher,171,31,321,314
Olive_Sided_Flycatcher_0048_30656.jpg,182,231,Olive_sided_Flycatcher,96,117,278,348
Olive_Sided_Flycatcher_0079_30662.jpg,108,225,Olive_sided_Flycatcher,133,127,241,352
Olive_Sided_Flycatcher_0050_796878.jpg,163,372,Olive_sided_Flycatcher,78,112,241,484
Olive_Sided_Flycatcher_0055_796879.jpg,139,238,Olive_sided_Flycatcher,35,42,174,280
Olive_Sided_Flycatcher_0058_796883.jpg,102,315,Olive_sided_Flycatcher,111,47,213,362
Olive_Sided_Flycatcher_0038_796884.jpg,257,411,Olive_sided_Flycatcher,146,65,403,476
Olive_Sided_Flycatcher_0042_796886.jpg,329,412,Olive_sided_Flycatcher,79,43,408,455
Olive_Sided_Flycatcher_0045_796888.jpg,132,243,Olive_sided_Flycatcher,156,65,288,308
Olive_Sided_Flycatcher_0082_796893.jpg,274,418,Olive_sided_Flycatcher,88,37,362,455
Olive_Sided_Flycatcher_0008_30686.jpg,292,260,Olive_sided_Flycatcher,59,66,351,326
Olive_Sided_Flycatcher_0081_796895.jpg,312,190,Olive_sided_Flycatcher,21,60,333,250
Olive_Sided_Flycatcher_0030_796896.jpg,145,329,Olive_sided_Flycatcher,67,93,212,422
Olive_Sided_Flycatcher_0021_796880.jpg,150,390,Olive_sided_Flycatcher,112,34,262,424
Olive_Sided_Flycatcher_0057_796898.jpg,200,433,Olive_sided_Flycatcher,195,24,395,457
Olive_Sided_Flycatcher_0075_30712.jpg,140,240,Olive_sided_Flycatcher,134,118,274,358
Olive_Sided_Flycatcher_0032_30713.jpg,186,282,Olive_sided_Flycatcher,21,39,207,321
Olive_Sided_Flycatcher_0027_30549.jpg,313,210,Olive_sided_Flycatcher,97,53,410,263
Northern_Fulmar_0033_43794.jpg,353,224,Northern_Fulmar,139,81,492,305
Northern_Fulmar_0103_44062.jpg,232,142,Northern_Fulmar,107,89,339,231
Northern_Fulmar_0045_43581.jpg,167,203,Northern_Fulmar,120,158,287,361
Northern_Fulmar_0053_43843.jpg,386,249,Northern_Fulmar,115,34,501,283
Northern_Fulmar_0038_43846.jpg,154,209,Northern_Fulmar,174,71,328,280
Northern_Fulmar_0091_44120.jpg,426,227,Northern_Fulmar,68,42,494,269
Northern_Fulmar_0097_43865.jpg,274,178,Northern_Fulmar,112,73,386,251
Northern_Fulmar_0090_43867.jpg,437,102,Northern_Fulmar,7,139,444,241
Northern_Fulmar_0012_44131.jpg,111,107,Northern_Fulmar,227,137,338,244
Northern_Fulmar_0056_43880.jpg,255,147,Northern_Fulmar,86,104,341,251
Northern_Fulmar_0063_43631.jpg,327,193,Northern_Fulmar,61,0,388,193
Northern_Fulmar_0008_43647.jpg,102,174,Northern_Fulmar,263,71,365,245
Northern_Fulmar_0049_43906.jpg,119,222,Northern_Fulmar,181,119,300,341
Northern_Fulmar_0096_43654.jpg,168,228,Northern_Fulmar,56,21,224,249
Northern_Fulmar_0015_43658.jpg,171,179,Northern_Fulmar,164,49,335,228
Northern_Fulmar_0016_43958.jpg,379,230,Northern_Fulmar,21,43,400,273
Northern_Fulmar_0027_43705.jpg,330,183,Northern_Fulmar,157,47,487,230
Northern_Fulmar_0064_43710.jpg,134,253,Northern_Fulmar,149,36,283,289
Northern_Fulmar_0037_43712.jpg,273,226,Northern_Fulmar,14,117,287,343
Northern_Fulmar_0036_43718.jpg,265,295,Northern_Fulmar,36,28,301,323
Northern_Fulmar_0077_43730.jpg,465,348,Northern_Fulmar,18,74,483,422
Northern_Fulmar_0042_43739.jpg,375,168,Northern_Fulmar,18,99,393,267
Northern_Fulmar_0021_43743.jpg,448,330,Northern_Fulmar,52,1,500,331
Northern_Fulmar_0078_43985.jpg,262,133,Northern_Fulmar,79,104,341,237
Northern_Fulmar_0001_43749.jpg,467,178,Northern_Fulmar,17,48,484,226
Northern_Fulmar_0031_43750.jpg,407,276,Northern_Fulmar,10,53,417,329
Northern_Fulmar_0052_43857.jpg,204,100,Northern_Fulmar,175,122,379,222
Northern_Fulmar_0028_43752.jpg,405,307,Northern_Fulmar,91,3,496,310
Northern_Fulmar_0011_43769.jpg,434,233,Northern_Fulmar,40,13,474,246
Northern_Fulmar_0018_43771.jpg,222,358,Northern_Fulmar,117,37,339,395
Pigeon_Guillemot_0012_40236.jpg,306,188,Pigeon_Guillemot,87,99,393,287
Pigeon_Guillemot_0062_39853.jpg,239,157,Pigeon_Guillemot,155,118,394,275
Pigeon_Guillemot_0071_40216.jpg,273,191,Pigeon_Guillemot,103,42,376,233
Pigeon_Guillemot_0009_40218.jpg,405,172,Pigeon_Guillemot,0,78,405,250
Pigeon_Guillemot_0015_40232.jpg,261,214,Pigeon_Guillemot,106,99,367,313
Pigeon_Guillemot_0108_40235.jpg,204,213,Pigeon_Guillemot,158,68,362,281
Pigeon_Guillemot_0003_39986.jpg,212,193,Pigeon_Guillemot,145,85,357,278
Pigeon_Guillemot_0096_39995.jpg,311,314,Pigeon_Guillemot,73,58,384,372
Pigeon_Guillemot_0013_40253.jpg,195,102,Pigeon_Guillemot,140,40,335,142
Pigeon_Guillemot_0089_40008.jpg,328,305,Pigeon_Guillemot,77,27,405,332
Pigeon_Guillemot_0040_40270.jpg,152,132,Pigeon_Guillemot,206,111,358,243
Pigeon_Guillemot_0023_39829.jpg,267,126,Pigeon_Guillemot,168,75,435,201
Pigeon_Guillemot_0042_40281.jpg,155,217,Pigeon_Guillemot,159,135,314,352
Pigeon_Guillemot_0082_40290.jpg,136,196,Pigeon_Guillemot,188,77,324,273
Pigeon_Guillemot_0038_40035.jpg,369,288,Pigeon_Guillemot,108,56,477,344
Pigeon_Guillemot_0030_40089.jpg,136,143,Pigeon_Guillemot,156,148,292,291
Pigeon_Guillemot_0043_39861.jpg,244,278,Pigeon_Guillemot,75,61,319,339
Pigeon_Guillemot_0109_39872.jpg,139,181,Pigeon_Guillemot,71,15,210,196
Pigeon_Guillemot_0057_40130.jpg,312,143,Pigeon_Guillemot,162,75,474,218
Pigeon_Guillemot_0079_40389.jpg,380,185,Pigeon_Guillemot,28,85,408,270
Pigeon_Guillemot_0052_40137.jpg,191,127,Pigeon_Guillemot,219,99,410,226
Pigeon_Guillemot_0029_39889.jpg,193,169,Pigeon_Guillemot,162,94,355,263
Pigeon_Guillemot_0037_40149.jpg,157,104,Pigeon_Guillemot,157,116,314,220
Pigeon_Guillemot_0007_40313.jpg,164,139,Pigeon_Guillemot,153,189,317,328
Pigeon_Guillemot_0087_39897.jpg,233,212,Pigeon_Guillemot,149,89,382,301
Pigeon_Guillemot_0075_40159.jpg,205,294,Pigeon_Guillemot,156,30,361,324
Pigeon_Guillemot_0100_40179.jpg,380,186,Pigeon_Guillemot,52,132,432,318
Pigeon_Guillemot_0011_39935.jpg,331,216,Pigeon_Guillemot,108,159,439,375
Green_Kingfisher_0046_71178.jpg,396,249,Green_Kingfisher,62,77,458,326
Green_Kingfisher_0093_71185.jpg,237,162,Green_Kingfisher,205,118,442,280
Green_Kingfisher_0060_66074.jpg,177,103,Green_Kingfisher,181,103,358,206
Green_Kingfisher_0043_71212.jpg,147,138,Green_Kingfisher,83,216,230,354
Green_Kingfisher_0017_70957.jpg,204,155,Green_Kingfisher,84,92,288,247
Green_Kingfisher_0074_71214.jpg,283,187,Green_Kingfisher,120,96,403,283
Green_Kingfisher_0003_70970.jpg,317,183,Green_Kingfisher,17,73,334,256
Green_Kingfisher_0028_70981.jpg,326,176,Green_Kingfisher,39,72,365,248
Green_Kingfisher_0057_71096.jpg,265,235,Green_Kingfisher,47,182,312,417
Green_Kingfisher_0021_71009.jpg,232,121,Green_Kingfisher,61,151,293,272
Green_Kingfisher_0079_71267.jpg,208,127,Green_Kingfisher,221,126,429,253
Green_Kingfisher_0026_71059.jpg,361,165,Green_Kingfisher,60,108,421,273
Green_Kingfisher_0092_71106.jpg,278,229,Green_Kingfisher,120,45,398,274
Green_Kingfisher_0013_71293.jpg,193,141,Green_Kingfisher,210,99,403,240
Green_Kingfisher_0009_70933.jpg,300,179,Green_Kingfisher,110,63,410,242
Green_Kingfisher_0006_71297.jpg,229,136,Green_Kingfisher,76,111,305,247
Green_Kingfisher_0015_71042.jpg,339,223,Green_Kingfisher,120,31,459,254
Green_Kingfisher_0002_71055.jpg,264,197,Green_Kingfisher,147,32,411,229
Green_Kingfisher_0053_71319.jpg,246,160,Green_Kingfisher,63,50,309,210
Green_Kingfisher_0045_71064.jpg,121,185,Green_Kingfisher,93,87,214,272
Green_Kingfisher_0089_71325.jpg,204,119,Green_Kingfisher,154,132,358,251
Green_Kingfisher_0034_71075.jpg,129,116,Green_Kingfisher,78,94,207,210
Green_Kingfisher_0088_71122.jpg,192,202,Green_Kingfisher,162,79,354,281
Green_Kingfisher_0077_71129.jpg,386,454,Green_Kingfisher,42,25,428,479
Green_Kingfisher_0070_71387.jpg,178,126,Green_Kingfisher,127,117,305,243
Green_Kingfisher_0035_71133.jpg,293,176,Green_Kingfisher,98,80,391,256
Green_Kingfisher_0001_71138.jpg,319,153,Green_Kingfisher,142,123,461,276
Green_Kingfisher_0039_71037.jpg,136,145,Green_Kingfisher,254,154,390,299
Green_Kingfisher_0036_71156.jpg,199,134,Green_Kingfisher,141,15,340,149
Green_Kingfisher_0007_71163.jpg,208,115,Green_Kingfisher,37,136,245,251
White_Breasted_Kingfisher_0037_73220.jpg,292,301,White_breasted_Kingfisher,33,107,325,408
White_Breasted_Kingfisher_0098_73227.jpg,315,282,White_breasted_Kingfisher,36,35,351,317
White_Breasted_Kingfisher_0004_73741.jpg,133,180,White_breasted_Kingfisher,55,38,188,218
White_Breasted_Kingfisher_0023_73230.jpg,109,193,White_breasted_Kingfisher,128,139,237,332
White_Breasted_Kingfisher_0029_73233.jpg,188,238,White_breasted_Kingfisher,118,70,306,308
White_Breasted_Kingfisher_0071_73236.jpg,210,280,White_breasted_Kingfisher,160,15,370,295
White_Breasted_Kingfisher_0073_73498.jpg,189,218,White_breasted_Kingfisher,156,48,345,266
White_Breasted_Kingfisher_0047_73251.jpg,158,120,White_breasted_Kingfisher,175,117,333,237
White_Breasted_Kingfisher_0101_73261.jpg,155,142,White_breasted_Kingfisher,48,191,203,333
White_Breasted_Kingfisher_0040_73266.jpg,279,241,White_breasted_Kingfisher,49,61,328,302
White_Breasted_Kingfisher_0048_73292.jpg,187,143,White_breasted_Kingfisher,255,129,442,272
White_Breasted_Kingfisher_0116_73295.jpg,191,279,White_breasted_Kingfisher,44,50,235,329
White_Breasted_Kingfisher_0096_73552.jpg,206,221,White_breasted_Kingfisher,88,123,294,344
White_Breasted_Kingfisher_0067_73300.jpg,181,270,White_breasted_Kingfisher,179,153,360,423
White_Breasted_Kingfisher_0019_73306.jpg,151,194,White_breasted_Kingfisher,80,89,231,283
White_Breasted_Kingfisher_0030_73335.jpg,153,164,White_breasted_Kingfisher,150,79,303,243
White_Breasted_Kingfisher_0003_73195.jpg,168,169,White_breasted_Kingfisher,182,69,350,238
White_Breasted_Kingfisher_0045_73600.jpg,195,421,White_breasted_Kingfisher,29,51,224,472
White_Breasted_Kingfisher_0017_73355.jpg,218,265,White_breasted_Kingfisher,115,133,333,398
White_Breasted_Kingfisher_0063_73365.jpg,259,335,White_breasted_Kingfisher,178,36,437,371
White_Breasted_Kingfisher_0012_73367.jpg,289,376,White_breasted_Kingfisher,81,82,370,458
White_Breasted_Kingfisher_0111_73369.jpg,161,164,White_breasted_Kingfisher,121,111,282,275
White_Breasted_Kingfisher_0089_73371.jpg,206,219,White_breasted_Kingfisher,174,99,380,318
White_Breasted_Kingfisher_0065_73372.jpg,198,315,White_breasted_Kingfisher,108,104,306,419
White_Breasted_Kingfisher_0078_73373.jpg,140,211,White_breasted_Kingfisher,181,25,321,236
White_Breasted_Kingfisher_0104_73398.jpg,195,199,White_breasted_Kingfisher,164,80,359,279
White_Breasted_Kingfisher_0119_73401.jpg,321,226,White_breasted_Kingfisher,135,83,456,309
White_Breasted_Kingfisher_0050_73682.jpg,131,152,White_breasted_Kingfisher,138,117,269,269
White_Breasted_Kingfisher_0052_73446.jpg,163,249,White_breasted_Kingfisher,203,64,366,313
White_Breasted_Kingfisher_0015_73192.jpg,121,271,White_breasted_Kingfisher,155,140,276,411
White_Crowned_Sparrow_0047_127575.jpg,272,384,White_crowned_Sparrow,83,68,355,452
White_Crowned_Sparrow_0116_127512.jpg,237,192,White_crowned_Sparrow,186,145,423,337
White_Crowned_Sparrow_0098_127019.jpg,312,207,White_crowned_Sparrow,108,69,420,276
White_Crowned_Sparrow_0093_126531.jpg,153,141,White_crowned_Sparrow,189,117,342,258
White_Crowned_Sparrow_0109_128529.jpg,182,135,White_crowned_Sparrow,93,122,275,257
White_Crowned_Sparrow_0043_127096.jpg,132,272,White_crowned_Sparrow,153,92,285,364
White_Crowned_Sparrow_0019_127652.jpg,195,305,White_crowned_Sparrow,39,103,234,408
White_Crowned_Sparrow_0009_127658.jpg,296,321,White_crowned_Sparrow,102,23,398,344
White_Crowned_Sparrow_0076_127604.jpg,366,191,White_crowned_Sparrow,46,100,412,291
White_Crowned_Sparrow_0085_127194.jpg,239,317,White_crowned_Sparrow,77,78,316,395
White_Crowned_Sparrow_0102_127708.jpg,155,182,White_crowned_Sparrow,92,103,247,285
White_Crowned_Sparrow_0054_126068.jpg,227,289,White_crowned_Sparrow,178,32,405,321
White_Crowned_Sparrow_0083_128777.jpg,237,177,White_crowned_Sparrow,19,128,256,305
White_Crowned_Sparrow_0141_127766.jpg,235,292,White_crowned_Sparrow,84,148,319,440
White_Crowned_Sparrow_0002_127774.jpg,314,412,White_crowned_Sparrow,109,39,423,451
White_Crowned_Sparrow_0017_125829.jpg,322,232,White_crowned_Sparrow,24,77,346,309
White_Crowned_Sparrow_0089_127778.jpg,174,126,White_crowned_Sparrow,170,88,344,214
White_Crowned_Sparrow_0049_128311.jpg,319,180,White_crowned_Sparrow,150,140,469,320
White_Crowned_Sparrow_0040_127313.jpg,138,238,White_crowned_Sparrow,185,73,323,311
White_Crowned_Sparrow_0012_127853.jpg,373,287,White_crowned_Sparrow,126,44,499,331
White_Crowned_Sparrow_0042_128395.jpg,240,152,White_crowned_Sparrow,131,106,371,258
White_Crowned_Sparrow_0142_128237.jpg,243,171,White_crowned_Sparrow,3,90,246,261
White_Crowned_Sparrow_0044_127386.jpg,360,312,White_crowned_Sparrow,3,67,363,379
White_Crowned_Sparrow_0090_125864.jpg,159,182,White_crowned_Sparrow,278,124,437,306
White_Crowned_Sparrow_0111_127404.jpg,338,211,White_crowned_Sparrow,26,78,364,289
White_Crowned_Sparrow_0118_127919.jpg,261,232,White_crowned_Sparrow,40,90,301,322
White_Crowned_Sparrow_0071_127922.jpg,249,262,White_crowned_Sparrow,38,89,287,351
White_Crowned_Sparrow_0037_126969.jpg,359,251,White_crowned_Sparrow,5,84,364,335
White_Crowned_Sparrow_0092_125934.jpg,346,369,White_crowned_Sparrow,131,79,477,448
White_Crowned_Sparrow_0031_126457.jpg,380,244,White_crowned_Sparrow,90,72,470,316
Bank_Swallow_0013_129563.jpg,134,194,Bank_Swallow,164,68,298,262
Bank_Swallow_0038_129830.jpg,294,243,Bank_Swallow,162,57,456,300
Bank_Swallow_0008_129590.jpg,133,110,Bank_Swallow,125,158,258,268
Bank_Swallow_0039_129599.jpg,164,130,Bank_Swallow,101,113,265,243
Bank_Swallow_0026_129870.jpg,124,263,Bank_Swallow,140,145,264,408
Bank_Swallow_0041_129625.jpg,324,251,Bank_Swallow,141,60,465,311
Bank_Swallow_0018_129891.jpg,144,162,Bank_Swallow,157,99,301,261
Bank_Swallow_0059_129896.jpg,118,141,Bank_Swallow,180,129,298,270
Bank_Swallow_0006_129652.jpg,203,315,Bank_Swallow,115,23,318,338
Bank_Swallow_0022_129923.jpg,226,333,Bank_Swallow,135,109,361,442
Bank_Swallow_0014_129668.jpg,356,168,Bank_Swallow,87,118,443,286
Bank_Swallow_0040_129674.jpg,101,123,Bank_Swallow,162,129,263,252
Bank_Swallow_0043_129685.jpg,199,207,Bank_Swallow,161,95,360,302
Bank_Swallow_0012_129518.jpg,142,141,Bank_Swallow,212,133,354,274
Bank_Swallow_0061_129484.jpg,122,152,Bank_Swallow,262,174,384,326
Bank_Swallow_0046_129742.jpg,389,217,Bank_Swallow,82,64,471,281
Bank_Swallow_0032_129491.jpg,169,333,Bank_Swallow,164,17,333,350
Bank_Swallow_0029_129751.jpg,238,193,Bank_Swallow,75,93,313,286
Bank_Swallow_0034_129496.jpg,197,247,Bank_Swallow,83,68,280,315
Bank_Swallow_0028_129754.jpg,121,146,Bank_Swallow,178,79,299,225
Bank_Swallow_0027_129503.jpg,315,198,Bank_Swallow,21,82,336,280
Bank_Swallow_0033_129509.jpg,125,220,Bank_Swallow,138,53,263,273
Bank_Swallow_0001_129516.jpg,103,298,Bank_Swallow,189,150,292,448
Bank_Swallow_0063_129774.jpg,189,169,Bank_Swallow,134,155,323,324
Bank_Swallow_0047_129520.jpg,291,359,Bank_Swallow,51,28,342,387
Bank_Swallow_0025_129521.jpg,103,139,Bank_Swallow,244,132,347,271
Bank_Swallow_0050_129780.jpg,137,251,Bank_Swallow,174,68,311,319
Bank_Swallow_0035_129528.jpg,138,106,Bank_Swallow,185,117,323,223
Bank_Swallow_0019_129788.jpg,155,200,Bank_Swallow,188,105,343,305
Bank_Swallow_0016_129791.jpg,238,261,Bank_Swallow,136,156,374,417
Barn_Swallow_0038_132780.jpg,196,373,Barn_Swallow,134,95,330,468
Barn_Swallow_0041_131860.jpg,147,192,Barn_Swallow,152,105,299,297
Barn_Swallow_0053_130585.jpg,342,191,Barn_Swallow,1,90,343,281
Barn_Swallow_0003_130086.jpg,311,199,Barn_Swallow,169,230,480,429
Barn_Swallow_0050_130095.jpg,313,178,Barn_Swallow,77,80,390,258
Barn_Swallow_0034_130099.jpg,254,213,Barn_Swallow,47,135,301,348
Barn_Swallow_0022_130631.jpg,293,411,Barn_Swallow,61,63,354,474
Barn_Swallow_0054_131146.jpg,349,243,Barn_Swallow,16,129,365,372
Barn_Swallow_0085_132939.jpg,286,239,Barn_Swallow,26,72,312,311
Barn_Swallow_0083_132949.jpg,254,269,Barn_Swallow,17,66,271,335
Barn_Swallow_0055_131933.jpg,267,306,Barn_Swallow,86,100,353,406
Barn_Swallow_0089_131934.jpg,179,155,Barn_Swallow,143,137,322,292
Barn_Swallow_0014_130403.jpg,308,189,Barn_Swallow,135,96,443,285
Barn_Swallow_0062_132755.jpg,422,221,Barn_Swallow,35,129,457,350
Barn_Swallow_0044_132542.jpg,305,395,Barn_Swallow,94,63,399,458
Barn_Swallow_0086_132477.jpg,466,211,Barn_Swallow,14,62,480,273
Barn_Swallow_0023_130325.jpg,215,228,Barn_Swallow,19,85,234,313
Barn_Swallow_0072_130474.jpg,292,234,Barn_Swallow,30,68,322,302
Barn_Swallow_0093_130121.jpg,431,340,Barn_Swallow,0,38,431,378
Barn_Swallow_0027_129978.jpg,287,376,Barn_Swallow,67,81,354,457
Barn_Swallow_0052_131539.jpg,301,229,Barn_Swallow,100,32,401,261
Barn_Swallow_0007_131030.jpg,114,169,Barn_Swallow,231,63,345,232
Barn_Swallow_0063_132572.jpg,111,135,Barn_Swallow,217,80,328,215
Barn_Swallow_0020_132317.jpg,259,156,Barn_Swallow,200,117,459,273
Barn_Swallow_0029_132832.jpg,246,238,Barn_Swallow,158,81,404,319
Barn_Swallow_0013_131812.jpg,191,303,Barn_Swallow,112,22,303,325
Barn_Swallow_0006_131315.jpg,245,195,Barn_Swallow,168,88,413,283
Barn_Swallow_0080_131829.jpg,130,148,Barn_Swallow,172,117,302,265
Barn_Swallow_0019_130555.jpg,183,175,Barn_Swallow,132,60,315,235
Barn_Swallow_0074_132094.jpg,131,247,Barn_Swallow,175,126,306,373
Forsters_Tern_0012_151558.jpg,322,288,Forsters_Tern,124,37,446,325
Forsters_Tern_0098_151258.jpg,136,183,Forsters_Tern,190,72,326,255
Forsters_Tern_0057_151570.jpg,312,229,Forsters_Tern,184,125,496,354
Forsters_Tern_0109_152094.jpg,327,275,Forsters_Tern,37,42,364,317
Forsters_Tern_0076_151330.jpg,325,229,Forsters_Tern,19,66,344,295
Forsters_Tern_0043_151332.jpg,196,226,Forsters_Tern,212,33,408,259
Forsters_Tern_0092_152119.jpg,232,215,Forsters_Tern,77,51,309,266
Forsters_Tern_0071_152142.jpg,259,142,Forsters_Tern,116,82,375,224
Forsters_Tern_0049_151631.jpg,456,187,Forsters_Tern,20,79,476,266
Forsters_Tern_0041_149586.jpg,305,194,Forsters_Tern,37,158,342,352
Forsters_Tern_0091_151895.jpg,431,227,Forsters_Tern,8,32,439,259
Forsters_Tern_0032_151384.jpg,394,158,Forsters_Tern,13,98,407,256
Forsters_Tern_0042_151644.jpg,215,190,Forsters_Tern,46,43,261,233
Forsters_Tern_0021_144734.jpg,245,125,Forsters_Tern,175,196,420,321
Forsters_Tern_0082_151937.jpg,138,248,Forsters_Tern,145,65,283,313
Forsters_Tern_0116_151688.jpg,360,227,Forsters_Tern,139,56,499,283
Forsters_Tern_0065_152206.jpg,322,136,Forsters_Tern,152,80,474,216
Forsters_Tern_0064_152047.jpg,206,106,Forsters_Tern,206,130,412,236
Forsters_Tern_0086_152738.jpg,275,168,Forsters_Tern,17,77,292,245
Forsters_Tern_0097_151731.jpg,470,237,Forsters_Tern,16,17,486,254
Forsters_Tern_0087_151226.jpg,351,182,Forsters_Tern,88,108,439,290
Forsters_Tern_0029_151228.jpg,393,180,Forsters_Tern,18,98,411,278
Forsters_Tern_0010_151243.jpg,227,326,Forsters_Tern,103,68,330,394
Forsters_Tern_0126_151257.jpg,450,212,Forsters_Tern,34,50,484,262
Forsters_Tern_0003_151547.jpg,272,118,Forsters_Tern,159,107,431,225
Forsters_Tern_0059_151269.jpg,375,227,Forsters_Tern,87,45,462,272
Forsters_Tern_0099_152529.jpg,298,151,Forsters_Tern,143,103,441,254
Forsters_Tern_0095_152067.jpg,337,156,Forsters_Tern,63,136,400,292
Forsters_Tern_0083_151282.jpg,415,220,Forsters_Tern,82,60,497,280
Forsters_Tern_0004_152358.jpg,233,124,Forsters_Tern,147,119,380,243
White_Eyed_Vireo_0045_159232.jpg,219,175,White_eyed_Vireo,59,91,278,266
White_Eyed_Vireo_0001_159237.jpg,231,142,White_eyed_Vireo,226,108,457,250
White_Eyed_Vireo_0120_158991.jpg,278,294,White_eyed_Vireo,153,39,431,333
White_Eyed_Vireo_0132_158908.jpg,204,132,White_eyed_Vireo,81,209,285,341
White_Eyed_Vireo_0049_158835.jpg,298,159,White_eyed_Vireo,155,88,453,247
White_Eyed_Vireo_0046_158849.jpg,219,124,White_eyed_Vireo,98,152,317,276
White_Eyed_Vireo_0111_158864.jpg,435,308,White_eyed_Vireo,11,61,446,369
White_Eyed_Vireo_0078_159382.jpg,334,244,White_eyed_Vireo,111,97,445,341
White_Eyed_Vireo_0095_158886.jpg,290,247,White_eyed_Vireo,58,128,348,375
White_Eyed_Vireo_0134_158889.jpg,129,202,White_eyed_Vireo,171,224,300,426
White_Eyed_Vireo_0115_158932.jpg,310,197,White_eyed_Vireo,118,81,428,278
White_Eyed_Vireo_0099_158933.jpg,170,339,White_eyed_Vireo,75,107,245,446
White_Eyed_Vireo_0018_159450.jpg,203,380,White_eyed_Vireo,57,85,260,465
White_Eyed_Vireo_0135_158955.jpg,220,242,White_eyed_Vireo,123,71,343,313
White_Eyed_Vireo_0090_158958.jpg,137,122,White_eyed_Vireo,159,122,296,244
White_Eyed_Vireo_0026_158963.jpg,266,112,White_eyed_Vireo,95,107,361,219
White_Eyed_Vireo_0116_159028.jpg,341,200,White_eyed_Vireo,111,70,452,270
White_Eyed_Vireo_0041_159032.jpg,355,297,White_eyed_Vireo,99,77,454,374
White_Eyed_Vireo_0051_159033.jpg,165,377,White_eyed_Vireo,80,62,245,439
White_Eyed_Vireo_0022_159037.jpg,239,203,White_eyed_Vireo,54,73,293,276
White_Eyed_Vireo_0061_159042.jpg,289,175,White_eyed_Vireo,80,115,369,290
White_Eyed_Vireo_0091_159045.jpg,320,191,White_eyed_Vireo,80,100,400,291
White_Eyed_Vireo_0130_159075.jpg,176,276,White_eyed_Vireo,179,37,355,313
White_Eyed_Vireo_0088_159084.jpg,234,157,White_eyed_Vireo,195,77,429,234
White_Eyed_Vireo_0112_159147.jpg,248,203,White_eyed_Vireo,22,168,270,371
White_Eyed_Vireo_0024_159193.jpg,277,193,White_eyed_Vireo,103,105,380,298
White_Eyed_Vireo_0086_159202.jpg,296,111,White_eyed_Vireo,89,97,385,208
White_Eyed_Vireo_0083_159203.jpg,263,274,White_eyed_Vireo,7,116,270,390
White_Eyed_Vireo_0114_159206.jpg,121,176,White_eyed_Vireo,171,123,292,299
White_Eyed_Vireo_0059_159225.jpg,238,157,White_eyed_Vireo,113,99,351,256
Black_And_White_Warbler_0128_160803.jpg,406,233,Black_and_white_Warbler,71,115,477,348
Black_And_White_Warbler_0071_160308.jpg,343,237,Black_and_white_Warbler,74,81,417,318
Black_And_White_Warbler_0135_160334.jpg,300,205,Black_and_white_Warbler,167,173,467,378
Black_And_White_Warbler_0111_160342.jpg,132,192,Black_and_white_Warbler,242,114,374,306
Black_And_White_Warbler_0070_160354.jpg,388,181,Black_and_white_Warbler,6,84,394,265
Black_And_White_Warbler_0118_160363.jpg,391,244,Black_and_white_Warbler,86,86,477,330
Black_And_White_Warbler_0089_160370.jpg,236,329,Black_and_white_Warbler,100,109,336,438
Black_And_White_Warbler_0002_160376.jpg,183,112,Black_and_white_Warbler,213,56,396,168
Black_And_White_Warbler_0091_160896.jpg,168,255,Black_and_white_Warbler,117,142,285,397
Black_And_White_Warbler_0061_160404.jpg,181,156,Black_and_white_Warbler,163,171,344,327
Black_And_White_Warbler_0125_160482.jpg,215,269,Black_and_white_Warbler,161,74,376,343
Black_And_White_Warbler_0106_160014.jpg,275,185,Black_and_white_Warbler,22,104,297,289
Black_And_White_Warbler_0114_160537.jpg,363,207,Black_and_white_Warbler,33,109,396,316
Black_And_White_Warbler_0073_160539.jpg,354,303,Black_and_white_Warbler,90,24,444,327
Black_And_White_Warbler_0047_160547.jpg,163,233,Black_and_white_Warbler,170,73,333,306
Black_And_White_Warbler_0024_160057.jpg,402,270,Black_and_white_Warbler,45,52,447,322
Black_And_White_Warbler_0025_160584.jpg,335,180,Black_and_white_Warbler,153,104,488,284
Black_And_White_Warbler_0030_160592.jpg,335,245,Black_and_white_Warbler,76,76,411,321
Black_And_White_Warbler_0032_160569.jpg,243,114,Black_and_white_Warbler,97,151,340,265
Black_And_White_Warbler_0122_160106.jpg,339,217,Black_and_white_Warbler,140,71,479,288
Black_And_White_Warbler_0085_160110.jpg,304,397,Black_and_white_Warbler,29,74,333,471
Black_And_White_Warbler_0083_160237.jpg,320,184,Black_and_white_Warbler,175,107,495,291
Black_And_White_Warbler_0088_160668.jpg,159,114,Black_and_white_Warbler,209,146,368,260
Black_And_White_Warbler_0076_160173.jpg,220,253,Black_and_white_Warbler,149,70,369,323
Black_And_White_Warbler_0034_160695.jpg,102,239,Black_and_white_Warbler,230,40,332,279
Black_And_White_Warbler_0010_160200.jpg,295,217,Black_and_white_Warbler,138,18,433,235
Black_And_White_Warbler_0090_160247.jpg,353,257,Black_and_white_Warbler,51,89,404,346
Black_And_White_Warbler_0003_160228.jpg,251,431,Black_and_white_Warbler,79,4,330,435
Black_And_White_Warbler_0049_160749.jpg,157,101,Black_and_white_Warbler,152,110,309,211
Black_And_White_Warbler_0109_160245.jpg,316,463,Black_and_white_Warbler,31,26,347,489
Cerulean_Warbler_0019_797186.jpg,329,190,Cerulean_Warbler,40,88,369,278
Cerulean_Warbler_0022_797189.jpg,187,159,Cerulean_Warbler,47,30,234,189
Cerulean_Warbler_0088_797194.jpg,201,233,Cerulean_Warbler,225,83,426,316
Cerulean_Warbler_0093_797196.jpg,243,106,Cerulean_Warbler,89,81,332,187
Cerulean_Warbler_0053_797197.jpg,189,164,Cerulean_Warbler,10,17,199,181
Cerulean_Warbler_0017_797198.jpg,247,163,Cerulean_Warbler,144,82,391,245
Cerulean_Warbler_0004_797199.jpg,327,209,Cerulean_Warbler,63,56,390,265
Cerulean_Warbler_0009_797201.jpg,377,266,Cerulean_Warbler,74,83,451,349
Cerulean_Warbler_0043_797203.jpg,197,217,Cerulean_Warbler,26,115,223,332
Cerulean_Warbler_0005_797206.jpg,318,157,Cerulean_Warbler,159,124,477,281
Cerulean_Warbler_0037_797212.jpg,268,129,Cerulean_Warbler,170,94,438,223
Cerulean_Warbler_0007_797215.jpg,181,145,Cerulean_Warbler,110,90,291,235
Cerulean_Warbler_0067_797220.jpg,131,133,Cerulean_Warbler,5,15,136,148
Cerulean_Warbler_0046_797222.jpg,252,189,Cerulean_Warbler,46,144,298,333
Cerulean_Warbler_0042_797223.jpg,297,291,Cerulean_Warbler,32,62,329,353
Cerulean_Warbler_0075_797233.jpg,135,165,Cerulean_Warbler,24,27,159,192
Cerulean_Warbler_0054_797235.jpg,218,140,Cerulean_Warbler,20,15,238,155
Cerulean_Warbler_0024_163406.jpg,391,229,Cerulean_Warbler,93,57,484,286
Cerulean_Warbler_0092_163455.jpg,185,204,Cerulean_Warbler,145,65,330,269
Cerulean_Warbler_0040_163219.jpg,235,273,Cerulean_Warbler,155,82,390,355
Cerulean_Warbler_0057_163227.jpg,347,205,Cerulean_Warbler,30,131,377,336
Cerulean_Warbler_0051_163244.jpg,233,157,Cerulean_Warbler,48,128,281,285
Cerulean_Warbler_0016_163265.jpg,262,202,Cerulean_Warbler,72,75,334,277
Cerulean_Warbler_0055_163524.jpg,198,216,Cerulean_Warbler,140,68,338,284
Cerulean_Warbler_0041_163535.jpg,296,185,Cerulean_Warbler,55,120,351,305
Cerulean_Warbler_0002_797219.jpg,147,111,Cerulean_Warbler,87,70,234,181
Cerulean_Warbler_0028_163302.jpg,225,145,Cerulean_Warbler,58,74,283,219
Cerulean_Warbler_0025_797232.jpg,223,254,Cerulean_Warbler,17,23,240,277
Cerulean_Warbler_0081_797179.jpg,329,278,Cerulean_Warbler,109,130,438,408
Cerulean_Warbler_0082_797180.jpg,284,180,Cerulean_Warbler,25,63,309,243
Northern_Waterthrush_0077_177152.jpg,195,115,Northern_Waterthrush,120,60,315,175
Northern_Waterthrush_0046_176984.jpg,437,358,Northern_Waterthrush,47,19,484,377
Northern_Waterthrush_0038_177027.jpg,166,152,Northern_Waterthrush,161,54,327,206
Northern_Waterthrush_0021_177187.jpg,175,154,Northern_Waterthrush,154,168,329,322
Northern_Waterthrush_0041_177199.jpg,214,153,Northern_Waterthrush,54,86,268,239
Northern_Waterthrush_0060_177213.jpg,231,123,Northern_Waterthrush,45,80,276,203
Northern_Waterthrush_0033_177214.jpg,196,137,Northern_Waterthrush,191,155,387,292
Northern_Waterthrush_0081_176972.jpg,324,315,Northern_Waterthrush,103,40,427,355
Northern_Waterthrush_0075_176978.jpg,204,133,Northern_Waterthrush,108,168,312,301
Northern_Waterthrush_0082_177243.jpg,225,160,Northern_Waterthrush,72,67,297,227
Northern_Waterthrush_0023_177002.jpg,285,214,Northern_Waterthrush,18,63,303,277
Northern_Waterthrush_0096_177007.jpg,298,199,Northern_Waterthrush,105,88,403,287
Northern_Waterthrush_0079_177008.jpg,283,195,Northern_Waterthrush,146,81,429,276
Northern_Waterthrush_0042_177272.jpg,173,160,Northern_Waterthrush,118,85,291,245
Northern_Waterthrush_0036_177274.jpg,351,203,Northern_Waterthrush,142,152,493,355
Northern_Waterthrush_0005_177023.jpg,231,144,Northern_Waterthrush,178,103,409,247
Northern_Waterthrush_0027_177286.jpg,206,144,Northern_Waterthrush,114,70,320,214
Northern_Waterthrush_0057_177291.jpg,125,141,Northern_Waterthrush,175,88,300,229
Northern_Waterthrush_0097_177045.jpg,157,104,Northern_Waterthrush,239,65,396,169
Northern_Waterthrush_0047_177304.jpg,333,186,Northern_Waterthrush,127,148,460,334
Northern_Waterthrush_0073_177063.jpg,292,149,Northern_Waterthrush,102,113,394,262
Northern_Waterthrush_0110_177074.jpg,342,222,Northern_Waterthrush,7,234,349,456
Northern_Waterthrush_0063_177346.jpg,327,223,Northern_Waterthrush,150,90,477,313
Northern_Waterthrush_0086_177358.jpg,196,200,Northern_Waterthrush,165,150,361,350
Northern_Waterthrush_0062_177364.jpg,294,179,Northern_Waterthrush,176,92,470,271
Northern_Waterthrush_0098_177116.jpg,338,259,Northern_Waterthrush,154,102,492,361
Northern_Waterthrush_0072_177121.jpg,190,190,Northern_Waterthrush,163,65,353,255
Northern_Waterthrush_0093_177141.jpg,133,136,Northern_Waterthrush,195,86,328,222
Northern_Waterthrush_0058_177143.jpg,318,195,Northern_Waterthrush,64,134,382,329
Northern_Waterthrush_0087_177148.jpg,368,250,Northern_Waterthrush,77,79,445,329
Cactus_Wren_0040_185859.jpg,313,396,Cactus_Wren,19,72,332,468
Cactus_Wren_0009_185871.jpg,278,124,Cactus_Wren,15,127,293,251
Cactus_Wren_0088_185873.jpg,294,155,Cactus_Wren,71,104,365,259
Cactus_Wren_0056_185626.jpg,215,174,Cactus_Wren,228,77,443,251
Cactus_Wren_0101_185627.jpg,364,419,Cactus_Wren,72,47,436,466
Cactus_Wren_0095_185633.jpg,303,432,Cactus_Wren,8,62,311,494
Cactus_Wren_0007_185634.jpg,126,210,Cactus_Wren,161,80,287,290
Cactus_Wren_0027_185893.jpg,329,192,Cactus_Wren,170,78,499,270
Cactus_Wren_0115_185895.jpg,171,119,Cactus_Wren,155,155,326,274
Cactus_Wren_0096_185898.jpg,187,277,Cactus_Wren,152,68,339,345
Cactus_Wren_0102_185902.jpg,332,252,Cactus_Wren,36,66,368,318
Cactus_Wren_0116_185927.jpg,216,310,Cactus_Wren,154,61,370,371
Cactus_Wren_0002_185680.jpg,215,199,Cactus_Wren,94,152,309,351
Cactus_Wren_0092_185951.jpg,321,325,Cactus_Wren,109,36,430,361
Cactus_Wren_0120_185956.jpg,291,209,Cactus_Wren,154,92,445,301
Cactus_Wren_0014_185993.jpg,170,285,Cactus_Wren,161,37,331,322
Cactus_Wren_0017_185745.jpg,150,161,Cactus_Wren,144,48,294,209
Cactus_Wren_0077_186003.jpg,348,181,Cactus_Wren,107,75,455,256
Cactus_Wren_0124_185501.jpg,437,230,Cactus_Wren,22,94,459,324
Cactus_Wren_0046_186017.jpg,117,122,Cactus_Wren,217,133,334,255
Cactus_Wren_0042_185514.jpg,242,397,Cactus_Wren,115,60,357,457
Cactus_Wren_0085_185515.jpg,469,425,Cactus_Wren,13,23,482,448
Cactus_Wren_0067_186034.jpg,426,298,Cactus_Wren,72,65,498,363
Cactus_Wren_0114_185532.jpg,144,376,Cactus_Wren,200,105,344,481
Cactus_Wren_0004_185797.jpg,236,361,Cactus_Wren,21,63,257,424
Cactus_Wren_0076_186067.jpg,316,155,Cactus_Wren,88,88,404,243
Cactus_Wren_0045_185556.jpg,167,271,Cactus_Wren,224,102,391,373
Cactus_Wren_0079_185560.jpg,218,362,Cactus_Wren,76,106,294,468
Cactus_Wren_0036_185563.jpg,354,194,Cactus_Wren,107,166,461,360
Cactus_Wren_0063_185589.jpg,205,251,Cactus_Wren,95,164,300,415
Marsh_Wren_0043_188426.jpg,191,221,Marsh_Wren,144,190,335,411
Marsh_Wren_0110_188434.jpg,114,118,Marsh_Wren,52,274,166,392
Marsh_Wren_0115_188443.jpg,191,200,Marsh_Wren,133,57,324,257
Marsh_Wren_0049_188540.jpg,171,204,Marsh_Wren,24,201,195,405
Marsh_Wren_0106_188100.jpg,214,112,Marsh_Wren,223,90,437,202
Marsh_Wren_0099_188579.jpg,195,203,Marsh_Wren,113,163,308,366
Marsh_Wren_0053_188276.jpg,322,303,Marsh_Wren,80,25,402,328
Marsh_Wren_0076_188108.jpg,201,229,Marsh_Wren,228,117,429,346
Marsh_Wren_0071_188111.jpg,349,257,Marsh_Wren,130,81,479,338
Marsh_Wren_0055_188123.jpg,231,184,Marsh_Wren,121,98,352,282
Marsh_Wren_0102_188654.jpg,375,351,Marsh_Wren,38,70,413,421
Marsh_Wren_0050_188657.jpg,183,182,Marsh_Wren,129,138,312,320
Marsh_Wren_0117_188676.jpg,187,220,Marsh_Wren,136,127,323,347
Marsh_Wren_0082_188699.jpg,149,185,Marsh_Wren,180,125,329,310
Marsh_Wren_0004_188188.jpg,198,312,Marsh_Wren,231,27,429,339
Marsh_Wren_0145_188193.jpg,226,271,Marsh_Wren,151,199,377,470
Marsh_Wren_0042_188195.jpg,283,306,Marsh_Wren,16,20,299,326
Marsh_Wren_0070_188205.jpg,243,179,Marsh_Wren,216,99,459,278
Marsh_Wren_0134_188213.jpg,239,187,Marsh_Wren,110,86,349,273
Marsh_Wren_0072_188764.jpg,112,154,Marsh_Wren,148,112,260,266
Marsh_Wren_0051_188260.jpg,162,257,Marsh_Wren,169,81,331,338
Marsh_Wren_0069_188776.jpg,189,212,Marsh_Wren,26,52,215,264
Marsh_Wren_0108_188788.jpg,196,216,Marsh_Wren,100,109,296,325
Marsh_Wren_0022_188280.jpg,314,341,Marsh_Wren,45,73,359,414
Marsh_Wren_0028_188797.jpg,220,262,Marsh_Wren,246,106,466,368
Marsh_Wren_0080_188812.jpg,262,241,Marsh_Wren,27,17,289,258
Marsh_Wren_0015_188852.jpg,178,352,Marsh_Wren,142,65,320,417
Marsh_Wren_0147_188367.jpg,183,212,Marsh_Wren,158,33,341,245
Marsh_Wren_0048_188370.jpg,215,159,Marsh_Wren,115,161,330,320
Marsh_Wren_0119_188404.jpg,217,233,Marsh_Wren,154,114,371,347
